00000000011E3287
00000000011E3287
00000000011E3287
00000000011E3287
00000000011E3287
00000000011E328700000000011E3287
00000000011E3287
00000000011E3287
00000000011E3287
00000000011E3287
00000000011E328700000000011E3287
00000000011E3287
00000000011E3287
00000000011E3287
00000000011E3287
00000000011E328700000000011E3287
00000000011E3287
00000000011E3287
00000000011E3287
00000000011E3287
00000000011E328700000000011E3287
00000000011E3287
00000000011E3287
00000000011E3287
00000000011E3287
00000000011E328700000000011E3287
00000000011E3287
00000000011E3287
00000000011E3287
00000000011E3287
00000000011E328700000000011E3287
00000000011E3287
00000000011E3287
00000000011E3287
00000000011E3287
00000000011E328700000000011E3287
00000000011E3287
00000000011E3287
00000000011E3287
00000000011E3287
00000000011E328700000000011E3287
00000000011E3287
00000000011E3287
00000000011E3287
00000000011E3287
00000000011E328700000000011E3287
00000000011E3287
00000000011E3287
00000000011E3287
00000000011E3287
00000000011E328700000000011E3287
00000000011E3287
00000000011E3287
00000000011E3287
00000000011E3287
00000000011E328700000000011E3287
00000000011E3287
00000000011E3287
00000000011E3287
00000000011E3287
00000000011E328700000000011E3287
00000000011E3287
00000000011E3287
00000000011E3287
00000000011E3287
00000000011E328700000000011E3287
00000000011E3287
00000000011E3287
00000000011E3287
00000000011E3287
00000000011E328700000000011E3287
00000000011E3287
00000000011E3287
00000000011E3287
00000000011E3287
00000000011E328700000000011E3287
00000000011E3287
00000000011E3287
00000000011E3287
00000000011E3287
00000000011E3287
